a126;60	78	a14;169	13	382
a2170;25	561	a2692;33	686	158
a1720;20	455	a2130;43	532	113
a25;75	24	a42;43	36	94
a1128;89	300	a2565;37	660	85
a15;184	14	a174;192	92	82
a1067;48	257	a2298;21	627	68
a1699;29	439	a610;38	152	65
a1708;18	445	a2710;13	698	55
a1699;29	439	a55;51	42	55
a163;15	88	a1714;8	450	46
a1128;89	300	a2682;116	677	44
a1644;11	398	a2119;10	524	42
a1140;15	306	a618;29	159	42
a1645;15	399	a3051;20	816	38
a2833;6	771	a589;39	132	38
a112;7	75	a1645;15	399	35
a1625;15	381	a2822;7	764	35
a1641;7	395	a2102;9	507	32
a12;32	11	a2844;9	775	32
a2112;8	517	a2116;11	521	30
a608;8	150	a611;18	153	28
a146;6	84	a2670;11	665	25
a2086;6	494	a2727;12	712	25
a2565;37	660	a2682;116	677	24
a1053;20	244	a2128;5	531	23
a1126;6	299	a797;12	229	23
a2411;15	654	a606;28	148	23
a590;34	133	a775;6	225	21
a1066;6	256	a2088;5	496	21
a1640;9	394	a2710;13	698	21
a1283;7	358	a1622;8	378	20
a1065;10	255	a1251;9	349	19
a22;10	21	a595;6	138	19
a2224;3	587	a37;13	33	19
a1785;9	479	a2108;16	513	19
a2121;8	526	a2253;12	607	19
a586;6	129	a593;6	136	18
a1666;5	418	a1679;4	426	18
a1049;16	240	a1101;7	283	17
a1069;179	259	a2689;5	684	17
a2125;5	529	a652;7	180	17
a1628;38	384	a225;6	105	17
a2236;4	594	a2667;5	662	17
a2156;7	551	a2690;6	685	16
a1649;4	403	a2288;6	623	16
a1155;4	314	a2678;5	673	16
a2198;4	575	a2679;9	674	16
a1256;5	352	a1795;5	483	15
a2193;7	574	a2669;7	664	15
a14;169	13	a73;2	52	15
a1726;4	459	a2122;4	527	15
a1623;6	379	a1702;4	442	15
a1621;6	377	a2703;5	693	15
a2158;5	553	a2696;5	689	15
a1107;4	286	a1678;6	425	15
a1638;3	392	a2721;4	706	14
a1656;8	410	a2900;4	796	14
a2235;4	593	a2752;4	726	14
a107;4	70	a607;3	149	14
a2694;4	687	a618;29	159	14
a2108;16	513	a2316;7	633	14
a2697;7	690	a51;7	40	14
a1141;4	307	a1623;6	379	13
a1740;6	466	a2718;4	703	13
a1636;14	390	a2768;5	735	13
a2319;4	635	a2684;6	679	13
a2762;4	731	a588;6	131	13
a1371;4	367	a1640;9	394	13
a1108;4	287	a2096;2	502	13
a2681;6	676	a2794;6	751	13
a2178;2	566	a93;3	64	12
a2086;6	494	a2;4	1	12
a1387;6	370	a1639;8	393	12
a1257;4	353	a2106;14	511	12
a1059;8	250	a585;8	128	12
a1647;9	401	a2857;5	780	12
a1065;10	255	a2866;4	784	12
a1666;5	418	a1692;5	435	12
a1129;9	301	a613;13	155	11
a14;169	13	a54;6	41	11
a1072;5	262	a2159;4	554	11
a121;7	77	a652;7	180	11
a1722;4	456	a701;5	202	11
a1108;4	287	a1682;3	428	11
a1130;4	302	a2158;5	553	11
a604;5	147	a621;6	162	11
a2741;7	722	a675;4	192	11
a1649;4	403	a1674;5	422	11
a2105;24	510	a2683;6	678	11
a2685;5	680	a2733;8	716	11
a1134;3	303	a662;4	183	11
a1110;5	288	a2190;4	572	11
a2114;36	519	a673;3	190	10
a38;3	34	a649;4	178	10
a1078;4	265	a1191;3	327	10
a1643;4	397	a634;5	172	10
a19;5	18	a2703;5	693	10
a1674;5	422	a238;5	108	10
a2154;4	549	a2206;5	579	10
a1732;4	463	a2756;5	729	10
a13;7	12	a1792;5	482	10
a2678;5	673	a626;3	166	10
a1201;5	331	a1631;4	387	10
a1058;3	249	a1750;4	471	10
a2173;4	562	a591;6	134	10
a2756;5	729	a687;4	198	10
a1092;2	277	a2161;4	556	10
a1095;5	280	a612;11	154	10
a2365;3	649	a2739;4	720	10
a2163;4	558	a2791;2	749	10
a2165;3	559	a667;3	186	10
a2698;5	691	a2747;3	725	9
a1066;6	256	a1117;6	294	9
a1656;8	410	a704;3	203	9
a675;4	192	a687;4	198	9
a2140;4	538	a727;2	212	9
a1654;5	408	a812;3	233	9
a2166;7	560	a591;6	134	9
a1;9	0	a2215;4	581	9
a1701;5	441	a2705;4	694	9
a1092;2	277	a7;4	6	9
a1697;3	438	a4;13	3	9
a1676;2	423	a2126;3	530	9
a2230;4	590	a2729;3	714	9
a2117;6	522	a2126;3	530	9
a1050;3	241	a1718;7	453	9
a1657;4	411	a2146;3	542	9
a1740;6	466	a2099;7	504	9
a2118;6	523	a2735;4	717	9
a103;3	67	a2794;6	751	9
a1636;14	390	a79;5	56	8
a2102;9	507	a2848;4	777	8
a1792;5	482	a599;4	142	8
a2739;4	720	a2821;3	763	8
a2676;4	671	a2887;3	792	8
a17;4	16	a2117;6	522	8
a2135;4	536	a2220;4	585	8
a1160;4	316	a601;4	144	8
a1085;3	271	a19;5	18	8
a1096;4	281	a717;2	207	8
a23;5	22	a620;3	161	8
a1096;4	281	a682;4	195	8
a1688;3	431	a96;3	65	8
a594;3	137	a670;4	188	8
a1716;3	451	a2148;5	544	8
a1663;3	416	a1686;3	430	8
a1667;3	419	a1731;3	462	8
a2292;4	624	a616;27	157	8
a602;7	145	a86;3	60	8
a1683;4	429	a1786;4	480	8
a35;4	32	a70;4	50	8
a662;4	183	a672;2	189	7
a1673;91	421	a1694;59	436	7
a2706;4	695	a2918;2	800	7
a2226;3	588	a2724;3	709	7
a1048;4	239	a1629;3	385	7
a18;3	17	a2221;3	586	7
a2706;4	695	a7;4	6	7
a1624;4	380	a727;2	212	7
a1710;4	447	a2097;3	503	7
a1725;3	458	a2154;4	549	7
a640;9	176	a674;3	191	7
a108;3	71	a1753;4	472	7
a1153;6	312	a2718;4	703	7
a1199;3	330	a2723;4	708	7
a2376;2	651	a24;3	23	7
a1651;4	405	a623;3	164	7
a2132;2	534	a2145;2	541	7
a2742;3	723	a612;11	154	7
a595;6	138	a680;3	194	7
a2157;3	552	a701;5	202	7
a2151;2	546	a63;3	47	7
a2884;4	790	a51;7	40	7
a15;184	14	a1699;29	439	7
a109;2	72	a617;3	158	7
a1072;5	262	a2150;3	545	7
a2272;3	614	a2908;4	797	7
a2265;4	612	a2736;3	718	7
a107;4	70	a1202;4	332	7
a1701;5	441	a2088;5	496	7
a2842;4	774	a622;4	163	7
a1723;2	457	a2118;6	523	6
a1642;3	396	a2685;5	680	6
a1651;4	405	a2776;5	739	6
a1055;3	246	a228;4	106	6
a1111;3	289	a45;2	37	6
a2161;4	556	a96;3	65	6
a1098;2	282	a170;3	90	6
a14;169	13	a2245;4	600	6
a2139;5	537	a2950;2	804	6
a1662;3	415	a2279;2	618	6
a1094;2	279	a2842;4	774	6
a1631;4	387	a2776;5	739	6
a1762;3	475	a20;5	19	6
a1228;4	339	a2741;7	722	6
a1761;5	474	a2701;3	692	6
a1749;3	470	a2800;2	754	6
a108;3	71	a631;3	170	6
a1655;3	409	a682;4	195	6
a1332;11	362	a2675;67	670	6
a2775;3	738	a2857;5	780	6
a273;2	114	a736;3	217	6
a2160;3	555	a594;3	137	6
a1110;5	288	a1146;2	309	6
a1252;2	350	a1786;4	480	6
a2244;2	599	a2680;5	675	6
a1455;2	374	a612;11	154	6
a1076;2	264	a2;4	1	6
a2755;4	728	a729;2	214	6
a1690;3	433	a734;4	216	6
a1202;4	332	a35;4	32	6
a15;184	14	a55;51	42	6
a2318;3	634	a2787;3	747	6
a1116;3	293	a724;4	211	6
a1706;3	444	a2145;2	541	6
a160;2	86	a56;4	43	6
a1763;3	476	a2728;2	713	6
a2676;4	671	a704;3	203	6
a1079;4	266	a2189;2	571	5
a1739;2	465	a2125;5	529	5
a1732;4	463	a2230;4	590	5
a1688;3	431	a65;3	48	5
a670;4	188	a68;3	49	5
a1691;2	434	a620;3	161	5
a1716;3	451	a2762;4	731	5
a2719;4	704	a761;2	223	5
a1199;3	330	a1230;2	340	5
a2152;14	547	a279;2	115	5
a2835;4	772	a641;3	177	5
a2724;3	709	a758;2	222	5
a2163;4	558	a90;4	62	5
a2179;14	567	a2682;116	677	5
a2122;4	527	a2160;3	555	5
a1085;3	271	a2778;3	740	5
a2250;2	605	a2683;6	678	5
a2157;3	552	a2799;3	753	5
a180;2	94	a2094;76	501	5
a1054;3	245	a663;3	184	5
a2782;3	743	a587;2	130	5
a1790;2	481	a2784;3	744	5
a1050;3	241	a2233;4	592	5
a1057;2	248	a1236;2	342	5
a2823;3	765	a2832;4	770	5
a2262;3	611	a2787;3	747	5
a2140;4	538	a2218;3	583	5
a1120;3	295	a1397;2	372	5
a2768;5	735	a79;5	56	5
a2231;3	591	a24;3	23	5
a1083;4	269	a1243;2	345	5
a2769;3	736	a628;3	168	5
a1702;4	442	a2295;2	626	5
a1725;3	458	a59;4	44	5
a2736;3	718	a2953;2	805	5
a164;2	89	a2261;3	610	5
a1172;2	321	a1869;2	492	5
a1141;4	307	a172;3	91	5
a1380;2	369	a621;6	162	5
a1080;3	267	a1155;4	314	5
a2226;3	588	a89;2	61	5
a1057;2	248	a2943;2	803	5
a2266;2	613	a56;4	43	5
a1622;8	378	a2852;2	779	5
a1051;4	242	a2342;3	643	5
a1111;3	289	a1191;3	327	5
a2723;4	708	a3;3	2	5
a2087;27	495	a627;3	167	5
a2427;2	657	a6;4	5	5
a1183;3	324	a1786;4	480	5
a2318;3	634	a2786;3	746	5
a2677;2	672	a664;3	185	4
a2107;3	512	a738;3	218	4
a1054;3	245	a2110;3	515	4
a2315;3	632	a38;3	34	4
a2147;2	543	a2345;2	644	4
a1742;2	467	a1848;3	489	4
a805;2	231	a816;2	234	4
a2827;2	767	a618;29	159	4
a2974;2	810	a5;3	4	4
a2142;2	539	a2752;4	726	4
a2353;2	646	a621;6	162	4
a256;3	111	a2892;2	794	4
a1692;5	435	a2698;5	691	4
a107;4	70	a35;4	32	4
a1199;3	330	a3;3	2	4
a1256;5	352	a2716;2	702	4
a205;2	101	a2741;7	722	4
a1650;4	404	a742;3	219	4
a1281;3	357	a2728;2	713	4
a1640;9	394	a76;2	55	4
a2273;3	615	a2403;2	653	4
a2248;3	603	a2832;4	770	4
a2721;4	706	a723;2	210	4
a1690;3	433	a1710;4	447	4
a20;5	19	a2355;2	647	4
a1220;2	337	a2113;3	518	4
a1677;3	424	a2720;6	705	4
a2265;4	612	a2766;2	734	4
a1114;7	291	a623;3	164	4
a204;2	100	a2200;2	576	4
a1114;7	291	a1651;4	405	4
a2273;3	615	a2731;2	715	4
a1174;3	322	a2188;2	570	4
a1130;4	302	a724;4	211	4
a634;5	172	a70;4	50	4
a2101;8	506	a34;2	31	4
a2943;2	803	a46;3	38	4
a2111;2	516	a601;4	144	4
a2120;3	525	a641;3	177	4
a1166;2	319	a1625;15	381	4
a2684;6	679	a2978;2	811	4
a2713;7	700	a28;5	26	4
a1078;4	265	a2683;6	678	4
a1048;4	239	a74;3	53	4
a1768;2	478	a2239;2	595	3
a1128;89	300	a187;3	98	3
a2200;2	576	a2361;2	648	3
a2175;7	564	a2745;2	724	3
a2266;2	613	a2786;3	746	3
a1705;2	443	a297;2	117	3
a1154;2	313	a1196;2	329	3
a1116;3	293	a698;2	200	3
a1058;3	249	a1302;2	361	3
a63;3	47	a856;2	238	3
a1650;4	404	a677;2	193	3
a1857;2	490	a2336;2	641	3
a2242;2	597	a641;3	177	3
a1208;3	335	a697;6	199	3
a2272;3	614	a2677;2	672	3
a2701;3	692	a86;3	60	3
a1694;59	436	a2179;14	567	3
a238;5	108	a2733;8	716	3
a2885;3	791	a2914;2	799	3
a213;2	104	a2974;2	810	3
a1162;2	317	a72;2	51	3
a1705;2	443	a2832;4	770	3
a1083;4	269	a2846;3	776	3
a2107;3	512	a2342;3	643	3
a55;51	42	a610;38	152	3
a206;2	102	a584;3	127	3
a1239;2	343	a713;2	206	3
a1165;2	318	a1827;2	487	3
a1117;6	294	a2285;3	622	3
a1761;5	474	a86;3	60	3
a1759;2	473	a2846;3	776	3
a1660;3	413	a2785;3	745	3
a1678;6	425	a90;4	62	3
a1349;2	365	a1730;2	461	3
a2672;12	667	a2831;2	769	3
a1719;2	454	a45;2	37	3
a2243;3	598	a633;2	171	3
a2736;3	718	a2766;2	734	3
a2255;2	609	a2896;2	795	3
a2867;2	785	a851;2	237	3
a2144;2	540	a2867;2	785	3
a1717;2	452	a188;3	99	3
a1051;4	242	a738;3	218	3
a2680;5	675	a2755;4	728	3
a158;3	85	a1686;3	430	3
a1364;2	366	a1795;5	483	3
a1737;2	464	a2147;2	543	3
a2769;3	736	a697;6	199	3
a1722;4	456	a2157;3	552	3
a1670;3	420	a2842;4	774	3
a1690;3	433	a686;4	197	3
a2315;3	632	a700;2	201	3
a2100;3	505	a697;6	199	3
a1247;2	346	a1729;3	460	3
a1222;2	338	a2319;4	635	3
a29;3	27	a60;2	45	3
a2682;116	677	a2819;2	762	3
a1157;3	315	a2231;3	591	3
a1678;6	425	a207;2	103	3
a1055;3	246	a2892;2	794	3
a1107;4	286	a2735;4	717	3
a1184;2	325	a2205;2	578	3
a2179;14	567	a2819;2	762	3
a1662;3	415	a2805;2	757	3
a2765;3	733	a2873;2	787	3
a1098;2	282	a720;2	208	3
a2288;6	623	a683;6	196	3
a1683;4	429	a2752;4	726	3
a1670;3	420	a2763;3	732	3
a55;51	42	a637;27	174	3
a2361;2	648	a2800;2	754	3
a19;5	18	a2778;3	740	3
a1091;5	276	a1136;2	305	3
a2342;3	643	a738;3	218	3
a2677;2	672	a2908;4	797	2
a1768;2	478	a2201;2	577	2
a2155;3	550	a713;2	206	2
a1763;3	476	a339;4	123	2
a1723;2	457	a2735;4	717	2
a1145;3	308	a1240;2	344	2
a1652;2	406	a68;3	49	2
a18;3	17	a2246;2	601	2
a2188;2	570	a736;3	217	2
a698;2	200	a724;4	211	2
a1239;2	343	a338;2	122	2
a2817;2	761	a667;3	186	2
a2823;3	765	a733;2	215	2
a1128;89	300	a1694;59	436	2
a207;2	103	a90;4	62	2
a2885;3	791	a2896;2	795	2
a1673;91	421	a2819;2	762	2
a2221;3	586	a805;2	231	2
a1764;2	477	a1848;3	489	2
a18;3	17	a206;2	102	2
a2283;2	621	a596;2	139	2
a1157;3	315	a1706;3	444	2
a1718;7	453	a2251;2	606	2
a1115;2	292	a2668;179	663	2
a188;3	99	a2206;5	579	2
a1670;3	420	a622;4	163	2
a2675;67	670	a2725;18	710	2
a2785;3	745	a2920;3	801	2
a24;3	23	a2782;3	743	2
a1624;4	380	a2817;2	761	2
a2124;2	528	a2261;3	610	2
a1694;59	436	a2682;116	677	2
a130;3	80	a188;3	99	2
a108;3	71	a2365;3	649	2
a2803;2	756	a664;3	185	2
a2803;2	756	a2908;4	797	2
a2091;6	499	a62;5	46	2
a2120;3	525	a2687;4	682	2
a228;4	106	a2892;2	794	2
a1831;2	488	a607;3	149	2
a2873;2	787	a29;3	27	2
a1676;2	423	a654;2	181	2
a207;2	103	a2163;4	558	2
a2104;5	509	a213;2	104	2
a686;4	197	a734;4	216	2
a109;2	72	a586;6	129	2
a2226;3	588	a758;2	222	2
a2131;67	533	a2930;2	802	2
a1642;3	396	a2273;3	615	2
a163;15	88	a1661;3	414	2
a1183;3	324	a1252;2	350	2
a2763;3	732	a622;4	163	2
a2765;3	733	a29;3	27	2
a1128;89	300	a2179;14	567	2
a1302;2	361	a700;2	201	2
a2126;3	530	a654;2	181	2
a1206;2	334	a596;2	139	2
a2479;2	659	a2862;2	781	2
a1162;2	317	a2097;3	503	2
a2121;8	526	a2330;3	639	2
a1210;2	336	a181;2	95	2
a1210;2	336	a2867;2	785	2
a1647;9	401	a2775;3	738	2
a1790;2	481	a84;2	58	2
a1706;3	444	a2231;3	591	2
a2710;13	698	a76;2	55	2
a130;3	80	a1717;2	452	2
a1072;5	262	a182;2	96	2
a1650;4	404	a84;2	58	2
a1050;3	241	a2251;2	606	2
a1079;4	266	a1682;3	428	2
a28;5	26	a2954;2	806	2
a2245;4	600	a54;6	41	2
a1857;2	490	a816;2	234	2
a1629;3	385	a1764;2	477	2
a1247;2	346	a175;2	93	2
a2255;2	609	a2835;4	772	2
a187;3	98	a2682;116	677	2
a1069;179	259	a2712;2	699	2
a1287;2	359	a1759;2	473	2
a1831;2	488	a721;2	209	2
a106;3	69	a1264;2	354	2
a1083;4	269	a2176;2	565	2
a2282;2	620	a2701;3	692	2
a1674;5	422	a2733;8	716	2
a2158;5	553	a724;4	211	2
a1134;3	303	a1206;2	334	2
a1206;2	334	a2283;2	621	1
a3;3	2	a587;2	130	1
a127;2	79	a181;2	95	1
a248;2	110	a267;2	113	1
a1208;3	335	a72;2	51	1
a2162;3	557	a734;4	216	1
a267;2	113	a733;2	215	1
a182;2	96	a20;5	19	1
a20;5	19	a2159;4	554	1
a1762;3	475	a182;2	96	1
a1709;2	446	a2705;4	694	1
a248;2	110	a780;3	227	1
a1732;4	463	a687;4	198	1
a238;5	108	a2685;5	680	1
a2740;5	721	a651;4	179	1
a2821;3	763	a2838;2	773	1
a1240;2	344	a140;2	81	1
a1380;2	369	a2353;2	646	1
a1078;4	265	a2250;2	605	1
a1287;2	359	a2176;2	565	1
a1151;2	311	a2262;3	611	1
a2786;3	746	a2787;3	747	1
a1102;161	284	a3019;2	815	1
a1069;179	259	a2668;179	663	1
a111;7	74	a2829;4	768	1
a1070;16	260	a2093;116	500	1
a2231;3	591	a2376;2	651	1
a163;15	88	a663;3	184	1
a1160;4	316	a2680;5	675	1
a1640;9	394	a1708;18	445	1
a2696;5	689	a2719;4	704	1
a1689;10	432	a1700;18	440	1
a1686;3	430	a2325;3	637	1
a2814;4	760	a729;2	214	1
a1718;7	453	a2989;2	813	1
a594;3	137	a68;3	49	1
a1249;2	348	a2113;3	518	1
a2709;2	697	a28;5	26	1
a2151;2	546	a89;2	61	1
a2254;5	608	a756;3	221	1
a1623;6	379	a172;3	91	1
a158;3	85	a2325;3	637	1
a2403;2	653	a2731;2	715	1
a1753;4	472	a2365;3	649	1
a1208;3	335	a2769;3	736	1
a2709;2	697	a2954;2	806	1
a1181;4	323	a584;3	127	1
a1649;4	403	a683;6	196	1
a1228;4	339	a205;2	101	1
a2697;7	690	a672;2	189	1
a1151;2	311	a2787;3	747	1
a1239;2	343	a2419;2	656	1
a1096;4	281	a1655;3	409	1
a2313;2	631	a2835;4	772	1
a2322;2	636	a2668;179	663	1
a1128;89	300	a1340;2	364	1
a1172;2	321	a2336;2	641	1
a2248;3	603	a2823;3	765	1
a1629;3	385	a74;3	53	1
a1086;2	272	a1196;2	329	1
a1172;2	321	a1857;2	490	1
a115;5	76	a2309;4	629	1
a2282;2	620	a2765;3	733	1
a1729;3	460	a175;2	93	1
a1640;9	394	a619;4	160	1
a14;169	13	a806;4	232	1
a2160;3	555	a670;4	188	1
a2100;3	505	a72;2	51	1
a1661;3	414	a1714;8	450	1
a2273;3	615	a2685;5	680	1
a1349;2	365	a2838;2	773	1
a1673;91	421	a2179;14	567	1
a213;2	104	a5;3	4	1
a1208;3	335	a2100;3	505	1
a2396;2	652	a2668;179	663	1
a2920;3	801	a780;3	227	1
a1636;14	390	a2105;24	510	1
a1247;2	346	a2953;2	805	1
a248;2	110	a733;2	215	1
a2376;2	651	a2782;3	743	1
a2726;149	711	a748;2	220	1
a1056;62	247	a2369;11	650	1
a2262;3	611	a2318;3	634	1
a1234;2	341	a1395;2	371	1
a2419;2	656	a338;2	122	1
a1094;2	279	a622;4	163	1
a1786;4	480	a2142;2	539	1
a1222;2	338	a2684;6	679	1
a1759;2	473	a2176;2	565	1
a1682;3	428	a2189;2	571	1
a2144;2	540	a851;2	237	1
a2200;2	576	a273;2	114	1
a2103;153	508	a2249;2	604	1
a206;2	102	a2246;2	601	1
a2338;3	642	a2865;2	783	1
a2313;2	631	a641;3	177	1
a1181;4	323	a2793;2	750	1
a103;3	67	a2681;6	676	1
a1154;2	313	a633;2	171	1
a1732;4	463	a2729;3	714	1
a18;3	17	a805;2	231	1
a1080;3	267	a742;3	219	1
a110;2	73	a2668;179	663	1
a1762;3	475	a2159;4	554	1
a1160;4	316	a2814;4	760	1
a1638;3	392	a631;3	170	1
a130;3	80	a2206;5	579	1
a2877;3	788	a583;3	126	1
a1683;4	429	a2142;2	539	1
a2253;12	607	a2807;2	758	1
a1055;3	246	a256;3	111	1
a2283;2	621	a2325;3	637	1
a2697;7	690	a662;4	183	1
a2739;4	720	a2838;2	773	1
a677;2	193	a84;2	58	1
a1115;2	292	a2994;2	814	1
